

00000001111110000000
00000111111111100000
00011111111111111000
00111111111111111100
00111111111111111100
01111111111111111110
01111111111111111110
11111111111111111111
11111111111111111111
11111111111111111111
11111111111111111111
11111111111111111111
11111111111111111111
01111111111111111110
01111111111111111110
00111111111111111100
00111111111111111100
00011111111111111000
00000111111111100000
00000001111110000000




00000001110000000000
00000111000000000000
00011100000000000000
00111000000000000000
00110000000000000000
01110000000000000000
01100000000000000000
11100000000000000000
11100000000000000000
11100000000000000000
11100000000000000000
11100000000000000000
11100000000000000000
01100000000000000000
01110000000000000000
00110000000000000000
00111000000000000000
00011100000000000000
00000111000000000000
00000001110000000000

00000001110000000000
00000111100000000000
00011111000000000000
00111110000000000000
00111100000000000000
01111100000000000000
01111100000000000000
11111000000000000000
11111000000000000000
11111000000000000000
11111000000000000000
11111000000000000000
11111000000000000000
01111100000000000000
01111100000000000000
00111100000000000000
00111110000000000000
00011110000000000000
00000111100000000000
00000001110000000000

00000001110000000000
00000111100000000000
00011111000000000000
00111111000000000000
00111111000000000000
01111111000000000000
01111111000000000000
11111111000000000000
11111111000000000000
11111111000000000000
11111111000000000000
11111111000000000000
11111111000000000000
01111111000000000000
01111111000000000000
00111111000000000000
00111111000000000000
00011111000000000000
00000111100000000000
00000001110000000000